{
 "cells": [
  {
   "cell_type": "code",
   "execution_count": 2,
   "id": "58912eb3",
   "metadata": {},
   "outputs": [
    {
     "name": "stdout",
     "output_type": "stream",
     "text": [
      "Задача № 1, шаг 5 - вариант:  3\n",
      "Задача № 1, шаг 11 - вариант:  2\n",
      "задача № 2 - вариант:  2\n"
     ]
    }
   ],
   "source": [
    "surname = \"Голубятников\"  # Ваша фамилия\n",
    "\n",
    "alp = 'абвгдеёжзийклмнопрстуфхцчшщъыьэюя'\n",
    "w = [1, 42, 21, 21, 34,  6, 44, 26, 18, 44, 38, 26, 14, 43,  4, 49, 45,\n",
    "        7, 42, 29,  4,  9, 36, 34, 31, 29,  5, 30,  4, 19, 28, 25, 33]\n",
    "\n",
    "d = dict(zip(alp, w))\n",
    "variant =  sum([d[el] for el in surname.lower()]) % 40 + 1\n",
    "\n",
    "print(\"Задача № 1, шаг 5 - вариант: \", variant % 5 + 1)\n",
    "print(\"Задача № 1, шаг 11 - вариант: \", variant % 2 + 1 )\n",
    "print(\"задача № 2 - вариант: \", variant % 4 + 1)"
   ]
  },
  {
   "cell_type": "markdown",
   "id": "bbd9ff5e",
   "metadata": {},
   "source": [
    "<h3>Задание 1. Анализ индикаторов качества государственного управления \n",
    "            (The Worldwide Government Indicators, WGI)</h3>"
   ]
  },
  {
   "cell_type": "markdown",
   "id": "9774e4b6",
   "metadata": {},
   "source": [
    "Импорт библиотек"
   ]
  },
  {
   "cell_type": "code",
   "execution_count": 3,
   "id": "00853ef2",
   "metadata": {},
   "outputs": [],
   "source": [
    "import pandas as pd\n",
    "import numpy as np\n",
    "import matplotlib.cm as cm\n",
    "import matplotlib.pyplot as plt\n",
    "from matplotlib import gridspec"
   ]
  },
  {
   "cell_type": "code",
   "execution_count": 4,
   "id": "cec5f40b",
   "metadata": {},
   "outputs": [
    {
     "data": {
      "text/html": [
       "<div>\n",
       "<style scoped>\n",
       "    .dataframe tbody tr th:only-of-type {\n",
       "        vertical-align: middle;\n",
       "    }\n",
       "\n",
       "    .dataframe tbody tr th {\n",
       "        vertical-align: top;\n",
       "    }\n",
       "\n",
       "    .dataframe thead th {\n",
       "        text-align: right;\n",
       "    }\n",
       "</style>\n",
       "<table border=\"1\" class=\"dataframe\">\n",
       "  <thead>\n",
       "    <tr style=\"text-align: right;\">\n",
       "      <th></th>\n",
       "      <th>Country/Territory</th>\n",
       "      <th>Code</th>\n",
       "      <th>Estimate</th>\n",
       "      <th>StdErr</th>\n",
       "      <th>NumSrc</th>\n",
       "      <th>Rank</th>\n",
       "      <th>Lower</th>\n",
       "      <th>Upper</th>\n",
       "      <th>Estimate.1</th>\n",
       "      <th>StdErr.1</th>\n",
       "      <th>...</th>\n",
       "      <th>NumSrc.22</th>\n",
       "      <th>Rank.22</th>\n",
       "      <th>Lower.22</th>\n",
       "      <th>Upper.22</th>\n",
       "      <th>Estimate.23</th>\n",
       "      <th>StdErr.23</th>\n",
       "      <th>NumSrc.23</th>\n",
       "      <th>Rank.23</th>\n",
       "      <th>Lower.23</th>\n",
       "      <th>Upper.23</th>\n",
       "    </tr>\n",
       "  </thead>\n",
       "  <tbody>\n",
       "    <tr>\n",
       "      <th>0</th>\n",
       "      <td>Aruba</td>\n",
       "      <td>ABW</td>\n",
       "      <td>NaN</td>\n",
       "      <td>NaN</td>\n",
       "      <td>NaN</td>\n",
       "      <td>NaN</td>\n",
       "      <td>NaN</td>\n",
       "      <td>NaN</td>\n",
       "      <td>NaN</td>\n",
       "      <td>NaN</td>\n",
       "      <td>...</td>\n",
       "      <td>2.0</td>\n",
       "      <td>78.571426</td>\n",
       "      <td>62.857143</td>\n",
       "      <td>89.047623</td>\n",
       "      <td>0.756785</td>\n",
       "      <td>0.317250</td>\n",
       "      <td>2.0</td>\n",
       "      <td>77.830185</td>\n",
       "      <td>60.849056</td>\n",
       "      <td>88.679245</td>\n",
       "    </tr>\n",
       "    <tr>\n",
       "      <th>1</th>\n",
       "      <td>Andorra</td>\n",
       "      <td>ADO</td>\n",
       "      <td>1.318143</td>\n",
       "      <td>0.480889</td>\n",
       "      <td>1.0</td>\n",
       "      <td>87.096771</td>\n",
       "      <td>72.043015</td>\n",
       "      <td>96.774193</td>\n",
       "      <td>1.334759</td>\n",
       "      <td>0.453149</td>\n",
       "      <td>...</td>\n",
       "      <td>1.0</td>\n",
       "      <td>88.571426</td>\n",
       "      <td>70.000000</td>\n",
       "      <td>96.666664</td>\n",
       "      <td>1.270204</td>\n",
       "      <td>0.463415</td>\n",
       "      <td>1.0</td>\n",
       "      <td>88.679245</td>\n",
       "      <td>68.396225</td>\n",
       "      <td>97.169815</td>\n",
       "    </tr>\n",
       "    <tr>\n",
       "      <th>2</th>\n",
       "      <td>Afghanistan</td>\n",
       "      <td>AFG</td>\n",
       "      <td>-1.291705</td>\n",
       "      <td>0.340507</td>\n",
       "      <td>2.0</td>\n",
       "      <td>4.301075</td>\n",
       "      <td>0.000000</td>\n",
       "      <td>27.419355</td>\n",
       "      <td>-1.176012</td>\n",
       "      <td>0.324013</td>\n",
       "      <td>...</td>\n",
       "      <td>8.0</td>\n",
       "      <td>12.380953</td>\n",
       "      <td>4.761905</td>\n",
       "      <td>20.952381</td>\n",
       "      <td>-1.183776</td>\n",
       "      <td>0.173320</td>\n",
       "      <td>8.0</td>\n",
       "      <td>12.264151</td>\n",
       "      <td>4.716981</td>\n",
       "      <td>20.283018</td>\n",
       "    </tr>\n",
       "    <tr>\n",
       "      <th>3</th>\n",
       "      <td>Angola</td>\n",
       "      <td>AGO</td>\n",
       "      <td>-1.167702</td>\n",
       "      <td>0.262077</td>\n",
       "      <td>4.0</td>\n",
       "      <td>9.677420</td>\n",
       "      <td>0.537634</td>\n",
       "      <td>27.419355</td>\n",
       "      <td>-1.180451</td>\n",
       "      <td>0.227055</td>\n",
       "      <td>...</td>\n",
       "      <td>10.0</td>\n",
       "      <td>29.047619</td>\n",
       "      <td>19.523809</td>\n",
       "      <td>40.476189</td>\n",
       "      <td>-0.601941</td>\n",
       "      <td>0.160003</td>\n",
       "      <td>10.0</td>\n",
       "      <td>30.660378</td>\n",
       "      <td>21.226416</td>\n",
       "      <td>43.396225</td>\n",
       "    </tr>\n",
       "    <tr>\n",
       "      <th>4</th>\n",
       "      <td>Anguilla</td>\n",
       "      <td>AIA</td>\n",
       "      <td>NaN</td>\n",
       "      <td>NaN</td>\n",
       "      <td>NaN</td>\n",
       "      <td>NaN</td>\n",
       "      <td>NaN</td>\n",
       "      <td>NaN</td>\n",
       "      <td>NaN</td>\n",
       "      <td>NaN</td>\n",
       "      <td>...</td>\n",
       "      <td>1.0</td>\n",
       "      <td>73.333336</td>\n",
       "      <td>50.952381</td>\n",
       "      <td>89.047623</td>\n",
       "      <td>1.270204</td>\n",
       "      <td>0.463415</td>\n",
       "      <td>1.0</td>\n",
       "      <td>88.679245</td>\n",
       "      <td>68.396225</td>\n",
       "      <td>97.169815</td>\n",
       "    </tr>\n",
       "    <tr>\n",
       "      <th>...</th>\n",
       "      <td>...</td>\n",
       "      <td>...</td>\n",
       "      <td>...</td>\n",
       "      <td>...</td>\n",
       "      <td>...</td>\n",
       "      <td>...</td>\n",
       "      <td>...</td>\n",
       "      <td>...</td>\n",
       "      <td>...</td>\n",
       "      <td>...</td>\n",
       "      <td>...</td>\n",
       "      <td>...</td>\n",
       "      <td>...</td>\n",
       "      <td>...</td>\n",
       "      <td>...</td>\n",
       "      <td>...</td>\n",
       "      <td>...</td>\n",
       "      <td>...</td>\n",
       "      <td>...</td>\n",
       "      <td>...</td>\n",
       "      <td>...</td>\n",
       "    </tr>\n",
       "    <tr>\n",
       "      <th>209</th>\n",
       "      <td>Serbia</td>\n",
       "      <td>SRB</td>\n",
       "      <td>-1.140072</td>\n",
       "      <td>0.262077</td>\n",
       "      <td>4.0</td>\n",
       "      <td>11.827957</td>\n",
       "      <td>0.537634</td>\n",
       "      <td>29.032259</td>\n",
       "      <td>-1.195605</td>\n",
       "      <td>0.191027</td>\n",
       "      <td>...</td>\n",
       "      <td>9.0</td>\n",
       "      <td>35.714287</td>\n",
       "      <td>26.190475</td>\n",
       "      <td>48.095238</td>\n",
       "      <td>-0.456188</td>\n",
       "      <td>0.158030</td>\n",
       "      <td>9.0</td>\n",
       "      <td>35.377357</td>\n",
       "      <td>24.528301</td>\n",
       "      <td>48.113209</td>\n",
       "    </tr>\n",
       "    <tr>\n",
       "      <th>210</th>\n",
       "      <td>South Africa</td>\n",
       "      <td>ZAF</td>\n",
       "      <td>0.732927</td>\n",
       "      <td>0.210325</td>\n",
       "      <td>6.0</td>\n",
       "      <td>76.344086</td>\n",
       "      <td>66.129036</td>\n",
       "      <td>81.182793</td>\n",
       "      <td>0.638809</td>\n",
       "      <td>0.188628</td>\n",
       "      <td>...</td>\n",
       "      <td>11.0</td>\n",
       "      <td>53.809525</td>\n",
       "      <td>46.190475</td>\n",
       "      <td>60.000000</td>\n",
       "      <td>-0.319765</td>\n",
       "      <td>0.157883</td>\n",
       "      <td>11.0</td>\n",
       "      <td>44.811321</td>\n",
       "      <td>31.603773</td>\n",
       "      <td>52.358490</td>\n",
       "    </tr>\n",
       "    <tr>\n",
       "      <th>211</th>\n",
       "      <td>Congo, Dem. Rep.</td>\n",
       "      <td>ZAR</td>\n",
       "      <td>-1.647852</td>\n",
       "      <td>0.315914</td>\n",
       "      <td>3.0</td>\n",
       "      <td>0.000000</td>\n",
       "      <td>0.000000</td>\n",
       "      <td>12.365591</td>\n",
       "      <td>-1.416679</td>\n",
       "      <td>0.310343</td>\n",
       "      <td>...</td>\n",
       "      <td>11.0</td>\n",
       "      <td>4.285714</td>\n",
       "      <td>0.000000</td>\n",
       "      <td>6.666667</td>\n",
       "      <td>-1.544474</td>\n",
       "      <td>0.149016</td>\n",
       "      <td>12.0</td>\n",
       "      <td>3.301887</td>\n",
       "      <td>0.471698</td>\n",
       "      <td>7.075472</td>\n",
       "    </tr>\n",
       "    <tr>\n",
       "      <th>212</th>\n",
       "      <td>Zambia</td>\n",
       "      <td>ZMB</td>\n",
       "      <td>-0.840641</td>\n",
       "      <td>0.262077</td>\n",
       "      <td>4.0</td>\n",
       "      <td>24.731182</td>\n",
       "      <td>5.913979</td>\n",
       "      <td>41.397850</td>\n",
       "      <td>-0.853156</td>\n",
       "      <td>0.227055</td>\n",
       "      <td>...</td>\n",
       "      <td>12.0</td>\n",
       "      <td>25.714285</td>\n",
       "      <td>17.619047</td>\n",
       "      <td>33.809525</td>\n",
       "      <td>-0.529200</td>\n",
       "      <td>0.152557</td>\n",
       "      <td>12.0</td>\n",
       "      <td>34.433964</td>\n",
       "      <td>23.584906</td>\n",
       "      <td>45.754719</td>\n",
       "    </tr>\n",
       "    <tr>\n",
       "      <th>213</th>\n",
       "      <td>Zimbabwe</td>\n",
       "      <td>ZWE</td>\n",
       "      <td>-0.278847</td>\n",
       "      <td>0.244907</td>\n",
       "      <td>5.0</td>\n",
       "      <td>47.849461</td>\n",
       "      <td>30.645161</td>\n",
       "      <td>60.752689</td>\n",
       "      <td>-0.504802</td>\n",
       "      <td>0.198134</td>\n",
       "      <td>...</td>\n",
       "      <td>12.0</td>\n",
       "      <td>10.000000</td>\n",
       "      <td>4.285714</td>\n",
       "      <td>17.619047</td>\n",
       "      <td>-1.255139</td>\n",
       "      <td>0.151262</td>\n",
       "      <td>12.0</td>\n",
       "      <td>8.490566</td>\n",
       "      <td>4.245283</td>\n",
       "      <td>17.924528</td>\n",
       "    </tr>\n",
       "  </tbody>\n",
       "</table>\n",
       "<p>214 rows × 146 columns</p>\n",
       "</div>"
      ],
      "text/plain": [
       "    Country/Territory Code  Estimate    StdErr  NumSrc       Rank      Lower  \\\n",
       "0               Aruba  ABW       NaN       NaN     NaN        NaN        NaN   \n",
       "1             Andorra  ADO  1.318143  0.480889     1.0  87.096771  72.043015   \n",
       "2         Afghanistan  AFG -1.291705  0.340507     2.0   4.301075   0.000000   \n",
       "3              Angola  AGO -1.167702  0.262077     4.0   9.677420   0.537634   \n",
       "4            Anguilla  AIA       NaN       NaN     NaN        NaN        NaN   \n",
       "..                ...  ...       ...       ...     ...        ...        ...   \n",
       "209            Serbia  SRB -1.140072  0.262077     4.0  11.827957   0.537634   \n",
       "210      South Africa  ZAF  0.732927  0.210325     6.0  76.344086  66.129036   \n",
       "211  Congo, Dem. Rep.  ZAR -1.647852  0.315914     3.0   0.000000   0.000000   \n",
       "212            Zambia  ZMB -0.840641  0.262077     4.0  24.731182   5.913979   \n",
       "213          Zimbabwe  ZWE -0.278847  0.244907     5.0  47.849461  30.645161   \n",
       "\n",
       "         Upper  Estimate.1  StdErr.1  ...  NumSrc.22    Rank.22   Lower.22  \\\n",
       "0          NaN         NaN       NaN  ...        2.0  78.571426  62.857143   \n",
       "1    96.774193    1.334759  0.453149  ...        1.0  88.571426  70.000000   \n",
       "2    27.419355   -1.176012  0.324013  ...        8.0  12.380953   4.761905   \n",
       "3    27.419355   -1.180451  0.227055  ...       10.0  29.047619  19.523809   \n",
       "4          NaN         NaN       NaN  ...        1.0  73.333336  50.952381   \n",
       "..         ...         ...       ...  ...        ...        ...        ...   \n",
       "209  29.032259   -1.195605  0.191027  ...        9.0  35.714287  26.190475   \n",
       "210  81.182793    0.638809  0.188628  ...       11.0  53.809525  46.190475   \n",
       "211  12.365591   -1.416679  0.310343  ...       11.0   4.285714   0.000000   \n",
       "212  41.397850   -0.853156  0.227055  ...       12.0  25.714285  17.619047   \n",
       "213  60.752689   -0.504802  0.198134  ...       12.0  10.000000   4.285714   \n",
       "\n",
       "      Upper.22  Estimate.23  StdErr.23  NumSrc.23    Rank.23   Lower.23  \\\n",
       "0    89.047623     0.756785   0.317250        2.0  77.830185  60.849056   \n",
       "1    96.666664     1.270204   0.463415        1.0  88.679245  68.396225   \n",
       "2    20.952381    -1.183776   0.173320        8.0  12.264151   4.716981   \n",
       "3    40.476189    -0.601941   0.160003       10.0  30.660378  21.226416   \n",
       "4    89.047623     1.270204   0.463415        1.0  88.679245  68.396225   \n",
       "..         ...          ...        ...        ...        ...        ...   \n",
       "209  48.095238    -0.456188   0.158030        9.0  35.377357  24.528301   \n",
       "210  60.000000    -0.319765   0.157883       11.0  44.811321  31.603773   \n",
       "211   6.666667    -1.544474   0.149016       12.0   3.301887   0.471698   \n",
       "212  33.809525    -0.529200   0.152557       12.0  34.433964  23.584906   \n",
       "213  17.619047    -1.255139   0.151262       12.0   8.490566   4.245283   \n",
       "\n",
       "      Upper.23  \n",
       "0    88.679245  \n",
       "1    97.169815  \n",
       "2    20.283018  \n",
       "3    43.396225  \n",
       "4    97.169815  \n",
       "..         ...  \n",
       "209  48.113209  \n",
       "210  52.358490  \n",
       "211   7.075472  \n",
       "212  45.754719  \n",
       "213  17.924528  \n",
       "\n",
       "[214 rows x 146 columns]"
      ]
     },
     "execution_count": 4,
     "metadata": {},
     "output_type": "execute_result"
    }
   ],
   "source": [
    "page_number = 6\n",
    "df = pd.read_excel('wgidataset.xlsx', sheet_name=page_number, header = 14)\n",
    "df"
   ]
  },
  {
   "cell_type": "code",
   "execution_count": 5,
   "id": "3cc45c62",
   "metadata": {},
   "outputs": [
    {
     "data": {
      "text/html": [
       "<div>\n",
       "<style scoped>\n",
       "    .dataframe tbody tr th:only-of-type {\n",
       "        vertical-align: middle;\n",
       "    }\n",
       "\n",
       "    .dataframe tbody tr th {\n",
       "        vertical-align: top;\n",
       "    }\n",
       "\n",
       "    .dataframe thead th {\n",
       "        text-align: right;\n",
       "    }\n",
       "</style>\n",
       "<table border=\"1\" class=\"dataframe\">\n",
       "  <thead>\n",
       "    <tr style=\"text-align: right;\">\n",
       "      <th></th>\n",
       "      <th>Country/Territory</th>\n",
       "      <th>Code</th>\n",
       "      <th>Estimate</th>\n",
       "      <th>StdErr</th>\n",
       "      <th>NumSrc</th>\n",
       "      <th>Rank</th>\n",
       "      <th>Lower</th>\n",
       "      <th>Upper</th>\n",
       "      <th>Estimate.1</th>\n",
       "      <th>StdErr.1</th>\n",
       "      <th>...</th>\n",
       "      <th>NumSrc.22</th>\n",
       "      <th>Rank.22</th>\n",
       "      <th>Lower.22</th>\n",
       "      <th>Upper.22</th>\n",
       "      <th>Estimate.23</th>\n",
       "      <th>StdErr.23</th>\n",
       "      <th>NumSrc.23</th>\n",
       "      <th>Rank.23</th>\n",
       "      <th>Lower.23</th>\n",
       "      <th>Upper.23</th>\n",
       "    </tr>\n",
       "  </thead>\n",
       "  <tbody>\n",
       "    <tr>\n",
       "      <th>213</th>\n",
       "      <td>Zimbabwe</td>\n",
       "      <td>ZWE</td>\n",
       "      <td>-0.278847</td>\n",
       "      <td>0.244907</td>\n",
       "      <td>5.0</td>\n",
       "      <td>47.849461</td>\n",
       "      <td>30.645161</td>\n",
       "      <td>60.752689</td>\n",
       "      <td>-0.504802</td>\n",
       "      <td>0.198134</td>\n",
       "      <td>...</td>\n",
       "      <td>12.0</td>\n",
       "      <td>10.000000</td>\n",
       "      <td>4.285714</td>\n",
       "      <td>17.619047</td>\n",
       "      <td>-1.255139</td>\n",
       "      <td>0.151262</td>\n",
       "      <td>12.0</td>\n",
       "      <td>8.490566</td>\n",
       "      <td>4.245283</td>\n",
       "      <td>17.924528</td>\n",
       "    </tr>\n",
       "    <tr>\n",
       "      <th>212</th>\n",
       "      <td>Zambia</td>\n",
       "      <td>ZMB</td>\n",
       "      <td>-0.840641</td>\n",
       "      <td>0.262077</td>\n",
       "      <td>4.0</td>\n",
       "      <td>24.731182</td>\n",
       "      <td>5.913979</td>\n",
       "      <td>41.397850</td>\n",
       "      <td>-0.853156</td>\n",
       "      <td>0.227055</td>\n",
       "      <td>...</td>\n",
       "      <td>12.0</td>\n",
       "      <td>25.714285</td>\n",
       "      <td>17.619047</td>\n",
       "      <td>33.809525</td>\n",
       "      <td>-0.529200</td>\n",
       "      <td>0.152557</td>\n",
       "      <td>12.0</td>\n",
       "      <td>34.433964</td>\n",
       "      <td>23.584906</td>\n",
       "      <td>45.754719</td>\n",
       "    </tr>\n",
       "    <tr>\n",
       "      <th>211</th>\n",
       "      <td>Congo, Dem. Rep.</td>\n",
       "      <td>ZAR</td>\n",
       "      <td>-1.647852</td>\n",
       "      <td>0.315914</td>\n",
       "      <td>3.0</td>\n",
       "      <td>0.000000</td>\n",
       "      <td>0.000000</td>\n",
       "      <td>12.365591</td>\n",
       "      <td>-1.416679</td>\n",
       "      <td>0.310343</td>\n",
       "      <td>...</td>\n",
       "      <td>11.0</td>\n",
       "      <td>4.285714</td>\n",
       "      <td>0.000000</td>\n",
       "      <td>6.666667</td>\n",
       "      <td>-1.544474</td>\n",
       "      <td>0.149016</td>\n",
       "      <td>12.0</td>\n",
       "      <td>3.301887</td>\n",
       "      <td>0.471698</td>\n",
       "      <td>7.075472</td>\n",
       "    </tr>\n",
       "    <tr>\n",
       "      <th>210</th>\n",
       "      <td>South Africa</td>\n",
       "      <td>ZAF</td>\n",
       "      <td>0.732927</td>\n",
       "      <td>0.210325</td>\n",
       "      <td>6.0</td>\n",
       "      <td>76.344086</td>\n",
       "      <td>66.129036</td>\n",
       "      <td>81.182793</td>\n",
       "      <td>0.638809</td>\n",
       "      <td>0.188628</td>\n",
       "      <td>...</td>\n",
       "      <td>11.0</td>\n",
       "      <td>53.809525</td>\n",
       "      <td>46.190475</td>\n",
       "      <td>60.000000</td>\n",
       "      <td>-0.319765</td>\n",
       "      <td>0.157883</td>\n",
       "      <td>11.0</td>\n",
       "      <td>44.811321</td>\n",
       "      <td>31.603773</td>\n",
       "      <td>52.358490</td>\n",
       "    </tr>\n",
       "    <tr>\n",
       "      <th>209</th>\n",
       "      <td>Serbia</td>\n",
       "      <td>SRB</td>\n",
       "      <td>-1.140072</td>\n",
       "      <td>0.262077</td>\n",
       "      <td>4.0</td>\n",
       "      <td>11.827957</td>\n",
       "      <td>0.537634</td>\n",
       "      <td>29.032259</td>\n",
       "      <td>-1.195605</td>\n",
       "      <td>0.191027</td>\n",
       "      <td>...</td>\n",
       "      <td>9.0</td>\n",
       "      <td>35.714287</td>\n",
       "      <td>26.190475</td>\n",
       "      <td>48.095238</td>\n",
       "      <td>-0.456188</td>\n",
       "      <td>0.158030</td>\n",
       "      <td>9.0</td>\n",
       "      <td>35.377357</td>\n",
       "      <td>24.528301</td>\n",
       "      <td>48.113209</td>\n",
       "    </tr>\n",
       "    <tr>\n",
       "      <th>...</th>\n",
       "      <td>...</td>\n",
       "      <td>...</td>\n",
       "      <td>...</td>\n",
       "      <td>...</td>\n",
       "      <td>...</td>\n",
       "      <td>...</td>\n",
       "      <td>...</td>\n",
       "      <td>...</td>\n",
       "      <td>...</td>\n",
       "      <td>...</td>\n",
       "      <td>...</td>\n",
       "      <td>...</td>\n",
       "      <td>...</td>\n",
       "      <td>...</td>\n",
       "      <td>...</td>\n",
       "      <td>...</td>\n",
       "      <td>...</td>\n",
       "      <td>...</td>\n",
       "      <td>...</td>\n",
       "      <td>...</td>\n",
       "      <td>...</td>\n",
       "    </tr>\n",
       "    <tr>\n",
       "      <th>4</th>\n",
       "      <td>Anguilla</td>\n",
       "      <td>AIA</td>\n",
       "      <td>NaN</td>\n",
       "      <td>NaN</td>\n",
       "      <td>NaN</td>\n",
       "      <td>NaN</td>\n",
       "      <td>NaN</td>\n",
       "      <td>NaN</td>\n",
       "      <td>NaN</td>\n",
       "      <td>NaN</td>\n",
       "      <td>...</td>\n",
       "      <td>1.0</td>\n",
       "      <td>73.333336</td>\n",
       "      <td>50.952381</td>\n",
       "      <td>89.047623</td>\n",
       "      <td>1.270204</td>\n",
       "      <td>0.463415</td>\n",
       "      <td>1.0</td>\n",
       "      <td>88.679245</td>\n",
       "      <td>68.396225</td>\n",
       "      <td>97.169815</td>\n",
       "    </tr>\n",
       "    <tr>\n",
       "      <th>3</th>\n",
       "      <td>Angola</td>\n",
       "      <td>AGO</td>\n",
       "      <td>-1.167702</td>\n",
       "      <td>0.262077</td>\n",
       "      <td>4.0</td>\n",
       "      <td>9.677420</td>\n",
       "      <td>0.537634</td>\n",
       "      <td>27.419355</td>\n",
       "      <td>-1.180451</td>\n",
       "      <td>0.227055</td>\n",
       "      <td>...</td>\n",
       "      <td>10.0</td>\n",
       "      <td>29.047619</td>\n",
       "      <td>19.523809</td>\n",
       "      <td>40.476189</td>\n",
       "      <td>-0.601941</td>\n",
       "      <td>0.160003</td>\n",
       "      <td>10.0</td>\n",
       "      <td>30.660378</td>\n",
       "      <td>21.226416</td>\n",
       "      <td>43.396225</td>\n",
       "    </tr>\n",
       "    <tr>\n",
       "      <th>2</th>\n",
       "      <td>Afghanistan</td>\n",
       "      <td>AFG</td>\n",
       "      <td>-1.291705</td>\n",
       "      <td>0.340507</td>\n",
       "      <td>2.0</td>\n",
       "      <td>4.301075</td>\n",
       "      <td>0.000000</td>\n",
       "      <td>27.419355</td>\n",
       "      <td>-1.176012</td>\n",
       "      <td>0.324013</td>\n",
       "      <td>...</td>\n",
       "      <td>8.0</td>\n",
       "      <td>12.380953</td>\n",
       "      <td>4.761905</td>\n",
       "      <td>20.952381</td>\n",
       "      <td>-1.183776</td>\n",
       "      <td>0.173320</td>\n",
       "      <td>8.0</td>\n",
       "      <td>12.264151</td>\n",
       "      <td>4.716981</td>\n",
       "      <td>20.283018</td>\n",
       "    </tr>\n",
       "    <tr>\n",
       "      <th>1</th>\n",
       "      <td>Andorra</td>\n",
       "      <td>ADO</td>\n",
       "      <td>1.318143</td>\n",
       "      <td>0.480889</td>\n",
       "      <td>1.0</td>\n",
       "      <td>87.096771</td>\n",
       "      <td>72.043015</td>\n",
       "      <td>96.774193</td>\n",
       "      <td>1.334759</td>\n",
       "      <td>0.453149</td>\n",
       "      <td>...</td>\n",
       "      <td>1.0</td>\n",
       "      <td>88.571426</td>\n",
       "      <td>70.000000</td>\n",
       "      <td>96.666664</td>\n",
       "      <td>1.270204</td>\n",
       "      <td>0.463415</td>\n",
       "      <td>1.0</td>\n",
       "      <td>88.679245</td>\n",
       "      <td>68.396225</td>\n",
       "      <td>97.169815</td>\n",
       "    </tr>\n",
       "    <tr>\n",
       "      <th>0</th>\n",
       "      <td>Aruba</td>\n",
       "      <td>ABW</td>\n",
       "      <td>NaN</td>\n",
       "      <td>NaN</td>\n",
       "      <td>NaN</td>\n",
       "      <td>NaN</td>\n",
       "      <td>NaN</td>\n",
       "      <td>NaN</td>\n",
       "      <td>NaN</td>\n",
       "      <td>NaN</td>\n",
       "      <td>...</td>\n",
       "      <td>2.0</td>\n",
       "      <td>78.571426</td>\n",
       "      <td>62.857143</td>\n",
       "      <td>89.047623</td>\n",
       "      <td>0.756785</td>\n",
       "      <td>0.317250</td>\n",
       "      <td>2.0</td>\n",
       "      <td>77.830185</td>\n",
       "      <td>60.849056</td>\n",
       "      <td>88.679245</td>\n",
       "    </tr>\n",
       "  </tbody>\n",
       "</table>\n",
       "<p>214 rows × 146 columns</p>\n",
       "</div>"
      ],
      "text/plain": [
       "    Country/Territory Code  Estimate    StdErr  NumSrc       Rank      Lower  \\\n",
       "213          Zimbabwe  ZWE -0.278847  0.244907     5.0  47.849461  30.645161   \n",
       "212            Zambia  ZMB -0.840641  0.262077     4.0  24.731182   5.913979   \n",
       "211  Congo, Dem. Rep.  ZAR -1.647852  0.315914     3.0   0.000000   0.000000   \n",
       "210      South Africa  ZAF  0.732927  0.210325     6.0  76.344086  66.129036   \n",
       "209            Serbia  SRB -1.140072  0.262077     4.0  11.827957   0.537634   \n",
       "..                ...  ...       ...       ...     ...        ...        ...   \n",
       "4            Anguilla  AIA       NaN       NaN     NaN        NaN        NaN   \n",
       "3              Angola  AGO -1.167702  0.262077     4.0   9.677420   0.537634   \n",
       "2         Afghanistan  AFG -1.291705  0.340507     2.0   4.301075   0.000000   \n",
       "1             Andorra  ADO  1.318143  0.480889     1.0  87.096771  72.043015   \n",
       "0               Aruba  ABW       NaN       NaN     NaN        NaN        NaN   \n",
       "\n",
       "         Upper  Estimate.1  StdErr.1  ...  NumSrc.22    Rank.22   Lower.22  \\\n",
       "213  60.752689   -0.504802  0.198134  ...       12.0  10.000000   4.285714   \n",
       "212  41.397850   -0.853156  0.227055  ...       12.0  25.714285  17.619047   \n",
       "211  12.365591   -1.416679  0.310343  ...       11.0   4.285714   0.000000   \n",
       "210  81.182793    0.638809  0.188628  ...       11.0  53.809525  46.190475   \n",
       "209  29.032259   -1.195605  0.191027  ...        9.0  35.714287  26.190475   \n",
       "..         ...         ...       ...  ...        ...        ...        ...   \n",
       "4          NaN         NaN       NaN  ...        1.0  73.333336  50.952381   \n",
       "3    27.419355   -1.180451  0.227055  ...       10.0  29.047619  19.523809   \n",
       "2    27.419355   -1.176012  0.324013  ...        8.0  12.380953   4.761905   \n",
       "1    96.774193    1.334759  0.453149  ...        1.0  88.571426  70.000000   \n",
       "0          NaN         NaN       NaN  ...        2.0  78.571426  62.857143   \n",
       "\n",
       "      Upper.22  Estimate.23  StdErr.23  NumSrc.23    Rank.23   Lower.23  \\\n",
       "213  17.619047    -1.255139   0.151262       12.0   8.490566   4.245283   \n",
       "212  33.809525    -0.529200   0.152557       12.0  34.433964  23.584906   \n",
       "211   6.666667    -1.544474   0.149016       12.0   3.301887   0.471698   \n",
       "210  60.000000    -0.319765   0.157883       11.0  44.811321  31.603773   \n",
       "209  48.095238    -0.456188   0.158030        9.0  35.377357  24.528301   \n",
       "..         ...          ...        ...        ...        ...        ...   \n",
       "4    89.047623     1.270204   0.463415        1.0  88.679245  68.396225   \n",
       "3    40.476189    -0.601941   0.160003       10.0  30.660378  21.226416   \n",
       "2    20.952381    -1.183776   0.173320        8.0  12.264151   4.716981   \n",
       "1    96.666664     1.270204   0.463415        1.0  88.679245  68.396225   \n",
       "0    89.047623     0.756785   0.317250        2.0  77.830185  60.849056   \n",
       "\n",
       "      Upper.23  \n",
       "213  17.924528  \n",
       "212  45.754719  \n",
       "211   7.075472  \n",
       "210  52.358490  \n",
       "209  48.113209  \n",
       "..         ...  \n",
       "4    97.169815  \n",
       "3    43.396225  \n",
       "2    20.283018  \n",
       "1    97.169815  \n",
       "0    88.679245  \n",
       "\n",
       "[214 rows x 146 columns]"
      ]
     },
     "execution_count": 5,
     "metadata": {},
     "output_type": "execute_result"
    }
   ],
   "source": [
    "df_sorted = df.sort_index(ascending=False)\n",
    "df_sorted"
   ]
  },
  {
   "cell_type": "markdown",
   "id": "48e98186",
   "metadata": {},
   "source": [
    "Выведем название страны, код и rank за 2022 год"
   ]
  },
  {
   "cell_type": "code",
   "execution_count": 6,
   "id": "f44fb257",
   "metadata": {},
   "outputs": [
    {
     "data": {
      "text/html": [
       "<div>\n",
       "<style scoped>\n",
       "    .dataframe tbody tr th:only-of-type {\n",
       "        vertical-align: middle;\n",
       "    }\n",
       "\n",
       "    .dataframe tbody tr th {\n",
       "        vertical-align: top;\n",
       "    }\n",
       "\n",
       "    .dataframe thead th {\n",
       "        text-align: right;\n",
       "    }\n",
       "</style>\n",
       "<table border=\"1\" class=\"dataframe\">\n",
       "  <thead>\n",
       "    <tr style=\"text-align: right;\">\n",
       "      <th></th>\n",
       "      <th>Country/Territory</th>\n",
       "      <th>Rank.23</th>\n",
       "    </tr>\n",
       "  </thead>\n",
       "  <tbody>\n",
       "    <tr>\n",
       "      <th>213</th>\n",
       "      <td>Zimbabwe</td>\n",
       "      <td>8.490566</td>\n",
       "    </tr>\n",
       "    <tr>\n",
       "      <th>212</th>\n",
       "      <td>Zambia</td>\n",
       "      <td>34.433964</td>\n",
       "    </tr>\n",
       "    <tr>\n",
       "      <th>211</th>\n",
       "      <td>Congo, Dem. Rep.</td>\n",
       "      <td>3.301887</td>\n",
       "    </tr>\n",
       "    <tr>\n",
       "      <th>210</th>\n",
       "      <td>South Africa</td>\n",
       "      <td>44.811321</td>\n",
       "    </tr>\n",
       "    <tr>\n",
       "      <th>209</th>\n",
       "      <td>Serbia</td>\n",
       "      <td>35.377357</td>\n",
       "    </tr>\n",
       "    <tr>\n",
       "      <th>...</th>\n",
       "      <td>...</td>\n",
       "      <td>...</td>\n",
       "    </tr>\n",
       "    <tr>\n",
       "      <th>4</th>\n",
       "      <td>Anguilla</td>\n",
       "      <td>88.679245</td>\n",
       "    </tr>\n",
       "    <tr>\n",
       "      <th>3</th>\n",
       "      <td>Angola</td>\n",
       "      <td>30.660378</td>\n",
       "    </tr>\n",
       "    <tr>\n",
       "      <th>2</th>\n",
       "      <td>Afghanistan</td>\n",
       "      <td>12.264151</td>\n",
       "    </tr>\n",
       "    <tr>\n",
       "      <th>1</th>\n",
       "      <td>Andorra</td>\n",
       "      <td>88.679245</td>\n",
       "    </tr>\n",
       "    <tr>\n",
       "      <th>0</th>\n",
       "      <td>Aruba</td>\n",
       "      <td>77.830185</td>\n",
       "    </tr>\n",
       "  </tbody>\n",
       "</table>\n",
       "<p>214 rows × 2 columns</p>\n",
       "</div>"
      ],
      "text/plain": [
       "    Country/Territory    Rank.23\n",
       "213          Zimbabwe   8.490566\n",
       "212            Zambia  34.433964\n",
       "211  Congo, Dem. Rep.   3.301887\n",
       "210      South Africa  44.811321\n",
       "209            Serbia  35.377357\n",
       "..                ...        ...\n",
       "4            Anguilla  88.679245\n",
       "3              Angola  30.660378\n",
       "2         Afghanistan  12.264151\n",
       "1             Andorra  88.679245\n",
       "0               Aruba  77.830185\n",
       "\n",
       "[214 rows x 2 columns]"
      ]
     },
     "execution_count": 6,
     "metadata": {},
     "output_type": "execute_result"
    }
   ],
   "source": [
    "df_2022 = df_sorted[['Country/Territory','Rank.23']]\n",
    "df_2022"
   ]
  },
  {
   "cell_type": "code",
   "execution_count": 7,
   "id": "78de31c5",
   "metadata": {
    "tags": []
   },
   "outputs": [
    {
     "name": "stdout",
     "output_type": "stream",
     "text": [
      "Найдены NaN значения в 'Rank.23'.\n"
     ]
    },
    {
     "data": {
